Energy grid for alpha=0.01, gammas=[0.01, 0.5], betas=[0.01, 0.5]
, n=30
, resolution=10
[[ 87258.10863837  84334.9282339   14809.16131875   3138.63621691
    3273.79290976   3022.22268905   2830.13885287   2565.36478422
    2361.93959534   2185.02272468]
 [101856.72819513  56837.84513297   6404.34258198   5831.61228474
    4939.08570736   4141.74882174   3540.12478216   3061.61296879
    2753.21593166   2564.48065942]
 [112719.9381515    3794.06104941  12221.84357075   8543.46615931
    6442.03457069   5118.01979979   4292.84918375   3648.85032472
    3157.54707654   2796.67119474]
 [124606.54216162  26286.09685386  18560.85532463  11366.22686621
    7684.14658912   6111.65800734   4975.70674177   4121.13199541
    3514.11412073   3202.58371833]
 [131231.55371687  37231.81304435  21824.29118885  13446.84948314
    9448.31692292   7172.67291702   5639.58848436   4539.89545383
    4009.04848567   3532.58050508]
 [ 78072.38174455  35746.87999174  27612.8339432   15543.30333925
   10428.53597555   7539.08310996   5950.53087062   5062.00017971
    4142.67667553   3782.79333592]
 [ 58389.26135401  35998.94399795  30379.34807932  17267.08609125
   11298.50022946   8890.83650719   6849.31370714   5453.20696115
    4573.12442381   3944.10734504]
 [ 65087.45030447  35358.89821082  31387.14254412  18861.01694452
   12635.33411338   9606.06795273   7356.35418526   5857.29192875
    4882.47578491   4236.56182211]
 [ 66165.85035823  35413.18937894  33853.88459539  19831.37355989
   13877.00301537  10270.45628729   7718.14150584   6488.87239211
    5192.35297804   4470.68651021]
 [  9910.44877375  35532.25663707  33032.85206007  20905.12502751
   13950.28219621  10983.48620411   8384.11395016   6919.98012151
    5803.11879411   4820.4548224 ]]