Energy grid for alpha=0.02, gammas=[0.01, 0.5], betas=[0.01, 0.5]
, n=30
, resolution=10
[[  68741.82721296  311778.94426767  570256.67037727  819912.92435127
  1053096.67405756 1332214.60897802 1544747.99475791 1811277.17433102
  2048895.39716579 2283502.17470289]
 [  70439.37112886  318412.24905818  575525.08129372  811098.14549524
  1061336.92440978 1331216.1613274  1571954.24016427 1786486.13695904
  2074058.58498813 2260402.79738059]
 [  69185.1295364   321197.16786869  576984.06854182  828535.65950646
  1078485.73850175 1340346.70845481 1571806.23449994 1813287.58437964
  2026335.86237984 2285283.93412432]
 [  66836.65169379  322614.32481152  576240.88382598  818601.82357081
  1099440.43034934 1340162.29094563 1580906.74583135 1826873.9048979
  2084476.35500542 2299032.30468149]
 [  70906.40393888  314745.60439282  575704.38373677  833003.22751429
  1092428.15686707 1341135.36425971 1569560.32625215 1863084.13688603
  2084906.73674495 2310245.44267223]
 [  67450.66262373  329078.82877828  576300.21967723  829785.62612847
  1085740.09754768 1357306.69076025 1547543.02261118 1842406.046784
  2095693.08306879 2317323.8127846 ]
 [  70964.89970626  322656.14723266  579104.54787221  834536.98380891
  1083848.23935776 1345698.54596918 1589451.9455909  1839437.03834551
  2108610.26343868 2279993.04281214]
 [  70336.01005767  331276.37514567  584834.90500681  845791.96876171
  1096092.6504824  1346059.15759337 1599190.91438913 1837817.54548073
  2131385.89383383 2372174.08142935]
 [  67478.26624154  332127.78183711  596036.89312688  849291.21245427
  1097498.75107075 1368909.69655454 1599811.34632349 1860933.90551284
  2107624.4926234  2366104.32262826]
 [  67927.61127154  337968.39774854  604696.83407739  838077.61395059
  1123160.04473505 1383086.88280545 1627602.25769528 1856655.26141179
  2128377.99977375 2338999.19493135]]