Energy grid for alpha=0.02, gammas=[0.01, 0.5], betas=[0.01, 0.5]
, n=30
, resolution=10
[[2.72927622e+07 1.70725753e+08 2.06512975e+08 2.12120359e+08
  2.10504545e+08 2.05593105e+08 1.98405659e+08 1.91166388e+08
  1.82612453e+08 1.72461046e+08]
 [3.36138316e+07 1.79001811e+08 2.10012202e+08 2.14024641e+08
  2.10168340e+08 2.04067857e+08 1.95522135e+08 1.87460910e+08
  1.77903717e+08 2.09438315e+07]
 [6.15928770e+07 1.84923050e+08 2.12858890e+08 2.14782876e+08
  2.09085322e+08 2.01242900e+08 1.92559415e+08 2.07485408e+07
  2.08891890e+07 1.28069116e+07]
 [1.06343841e+08 1.91830619e+08 2.15351953e+08 2.14665579e+08
  2.07210230e+08 1.98306326e+08 2.06529087e+07 1.21158591e+07
  1.11235544e+07 1.18591510e+07]
 [1.72700526e+08 1.22689395e+07 2.17246020e+08 2.13829957e+08
  2.04481922e+07 2.06162819e+07 1.26759547e+07 1.12282491e+07
  1.14757742e+07 1.28629008e+07]
 [2.30865925e+08 1.15930303e+07 2.18715758e+08 1.11938655e+07
  2.05617244e+07 1.18933605e+07 1.23365591e+07 1.11627024e+07
  1.11799426e+07 1.19117828e+07]
 [2.46581714e+08 1.14353601e+07 2.19582366e+08 2.05004251e+07
  1.14990608e+07 1.32472467e+07 1.12243904e+07 1.11631456e+07
  1.16713006e+07 1.25218731e+07]
 [2.49672683e+08 1.14272540e+07 1.12599255e+07 1.20038341e+07
  1.17454851e+07 1.14654202e+07 1.12568412e+07 1.15466472e+07
  1.12450921e+07 1.12962456e+07]
 [2.53841862e+08 1.14266941e+07 1.15856653e+07 1.12356606e+07
  1.25202707e+07 1.12897403e+07 1.16490776e+07 1.18695510e+07
  1.12122197e+07 1.13311711e+07]
 [2.25822303e+08 1.14591817e+07 1.16007586e+07 1.14974367e+07
  1.12579870e+07 1.18418629e+07 1.12265502e+07 1.20414393e+07
  1.13560661e+07 1.17898034e+07]]