Energy grid for alpha=0.01, gammas=[0.01, 0.5], betas=[0.01, 0.5]
, n=30
, resolution=5
[[17451621.72767493 56019391.04240164 10054991.29350222 10322242.84426242
  10829956.98565675]
 [23261324.00330691  8650449.19072951  8598091.05926955  8957169.81561221
   9575156.10779982]
 [27259832.00624669  7736425.67565168  7966731.89019886  8546099.71502246
   8988508.01917754]
 [19771507.24693056  7314120.14688945  7924600.04175451  8300933.56163738
   8558307.4110291 ]
 [16328723.96393233  7233867.2769773   7669118.15716495  8259393.47990136
   8634467.69856483]]