Energy grid for alpha=0.01, gammas=[0.01, 0.5], betas=[0.01, 0.5]
, n=30
, resolution=10
[[3.21611601e+07 1.55418631e+08 1.93876739e+08 1.81226491e+07
  1.86197062e+07 1.99021469e+08 1.90336119e+07 1.91586564e+07
  1.92658069e+07 1.93565948e+07]
 [5.12915338e+07 1.61981699e+08 1.97006703e+08 2.05137169e+08
  2.02932273e+08 1.96161191e+08 1.90265410e+07 1.92011424e+07
  1.92625856e+07 1.93245401e+07]
 [6.05414425e+07 1.67262763e+08 2.00604074e+08 2.05215434e+08
  2.01618966e+08 1.89076697e+07 1.90660111e+07 1.92075168e+07
  1.93247307e+07 1.13218478e+07]
 [7.24010162e+07 1.74300392e+08 2.02718593e+08 2.04540911e+08
  1.88501075e+07 1.89855685e+07 1.90957311e+07 1.06005661e+07
  9.55373227e+06 1.02870693e+07]
 [7.84445731e+07 9.51635050e+06 2.04430500e+08 1.85399531e+07
  1.87987611e+07 1.90117806e+07 1.11330812e+07 9.62654327e+06
  1.06506291e+07 1.06789362e+07]
 [8.47438207e+07 1.85899859e+08 1.82119651e+07 1.86413321e+07
  1.86508025e+07 1.02563307e+07 1.07329048e+07 9.57630959e+06
  9.60235649e+06 1.03525241e+07]
 [7.84098348e+07 9.54211267e+06 1.82711125e+07 1.86824177e+07
  9.84781156e+06 1.15965932e+07 9.61254656e+06 9.57538266e+06
  1.00692987e+07 1.09613114e+07]
 [3.23319740e+07 9.55015641e+06 9.53374144e+06 1.02880762e+07
  1.00905885e+07 1.04421468e+07 9.67105453e+06 9.96437283e+06
  9.66767429e+06 9.71993251e+06]
 [2.34411091e+07 9.57384121e+06 1.05693291e+07 9.55706424e+06
  1.02044389e+07 9.67785560e+06 1.00306003e+07 1.02767000e+07
  9.64702073e+06 9.76275881e+06]
 [1.19494093e+07 9.60590565e+06 9.81439811e+06 9.80768368e+06
  9.63229018e+06 1.02207752e+07 9.62935413e+06 1.04572860e+07
  9.77836212e+06 1.02150068e+07]]