Energy grid for alpha=0.03, gammas=[0.01, 0.5], betas=[0.01, 0.5]
, n=30
, resolution=10
[[62468911.60932276 55503845.17434047 32629829.17582017 18419854.62433061
  55529354.85083688 16745081.55662389 14143901.82144386 13504598.36722438
  13367585.75914763 13596617.53861758]
 [77636536.161408   55379845.69673938 25162782.08121816 23403104.71476433
  14511476.35967937 11955488.45974584 11793640.70672199 11564829.47940408
  11870608.61057262 12410287.52594164]
 [88694941.44668898 50376413.92337026 18787127.96819271 13551620.1750985
  10769750.62176024 10540126.00611875 10747217.89787659 10874712.54303966
  11013887.48606318 11352060.01023558]
 [91184131.8074169  45521557.43532141 27211549.54225868 10531813.90409206
   9356902.8291007   9810688.32389435 10079374.40070497 10198717.97547445
  10385022.51398644 11072147.33737218]
 [94753186.91778605 17409248.60782446  9837470.40882742  9035759.00359736
   9242305.21809379  9436427.48844265  9587692.13839911  9610745.7114148
  10242334.28493288 10666398.56381408]
 [82182021.2858026  12574154.89042286  9544914.91065673  8707534.45189821
   8557588.32579742  8654623.03184564  8907689.23553428  9384880.87493649
   9553702.67081891 10247821.63565053]
 [77400993.65092678 12338238.35780716  9108160.45417427  8555437.66883143
   8365025.83325966  8447014.93581674  8779474.53270355  9382357.59892386
   9533429.24915761 10181843.79172586]
 [77322023.05627458 14360725.74005614  8369011.12289826  8385714.45743653
   8653378.44052282  8328719.84239738  8630822.44156094  9101372.31467983
   9595235.53962541  9575472.65271288]
 [71144789.28766628  9010807.36078427  8315528.09131508  8331061.90647498
   8319892.07177426  8436561.35675165  8732059.53348617  8964542.94651192
   9332246.4766271   9535131.73259304]
 [70146590.76163971  8730101.54397734  8380368.59928364  8563162.22328376
   8333518.02492185  8758760.04641162  8531541.04009378  9118833.38047871
   9266793.9754316   9417061.03398273]]