Energy grid for alpha=0.02, gammas=[0.01, 0.5], betas=[0.01, 0.5]
, n=30
, resolution=10
[[2.74386414e+07 1.28738050e+08 8.57669376e+07 1.00360848e+07
  1.01254316e+07 1.00709433e+07 1.00433859e+07 1.00692819e+07
  1.00478344e+07 1.00576517e+07]
 [2.97032259e+07 9.79584498e+07 1.02380772e+07 1.01181982e+07
  1.00419662e+07 1.00687742e+07 1.00115051e+07 1.00065815e+07
  9.98870134e+06 1.00566042e+07]
 [4.61839542e+07 3.28300215e+07 1.01207043e+07 1.00689198e+07
  1.00707272e+07 1.00639411e+07 1.00688914e+07 1.00028200e+07
  1.00163662e+07 1.00448801e+07]
 [7.87303337e+07 1.03092851e+07 1.01278783e+07 1.00809553e+07
  1.01306650e+07 1.00473729e+07 1.00242246e+07 1.00074366e+07
  9.95292891e+06 1.00504408e+07]
 [1.04852828e+08 1.02768991e+07 1.01279425e+07 1.00840589e+07
  1.00665790e+07 1.00349095e+07 9.99509210e+06 1.00091059e+07
  1.00555801e+07 9.99675110e+06]
 [1.26653620e+08 1.02917514e+07 1.01264978e+07 1.00868090e+07
  1.00614230e+07 1.00612199e+07 1.00077926e+07 1.00504235e+07
  9.99255519e+06 1.00307528e+07]
 [1.22654573e+08 1.02944478e+07 1.01274146e+07 1.00733817e+07
  1.00352830e+07 1.00229785e+07 1.00025371e+07 9.95467447e+06
  9.93487850e+06 9.99050195e+06]
 [1.16760707e+08 1.02936566e+07 1.01220192e+07 1.00626385e+07
  1.00403955e+07 1.00390322e+07 9.95819628e+06 1.00100595e+07
  1.00068899e+07 9.99114236e+06]
 [5.45945764e+07 1.02852581e+07 1.01192920e+07 1.00756303e+07
  1.00283276e+07 9.97988492e+06 9.97335313e+06 9.97128191e+06
  9.95429751e+06 9.96503636e+06]
 [1.74996267e+07 1.02885950e+07 1.01129685e+07 1.00743825e+07
  1.00278483e+07 9.98958575e+06 9.99705476e+06 9.93266796e+06
  9.95382538e+06 9.96915611e+06]]