Energy grid for alpha=0.02, gammas=[0.1, 0.1], betas=[0.1, 0.1]
, n=30
, resolution=10
[[476947.82776716 477767.79727848 485980.92660966 484466.73263797
  475997.32863843 490234.2774988  477808.04699616 485280.94390194
  486394.82227833 487917.12884055]
 [485642.91010397 484646.61413001 488637.76731641 476947.82776716
  477767.79727848 485980.92660966 484466.73263797 475997.32863843
  490234.2774988  477808.04699616]
 [485280.94390194 486394.82227833 487917.12884055 485642.91010397
  484646.61413001 488637.76731641 481054.19858601 482699.89664818
  474505.54070087 481907.55878591]
 [482522.87229345 486384.79143128 484885.10098281 476717.8467475
  491168.93615028 485201.43282001 486402.31384252 482947.08672203
  490133.69992238 481054.19858601]
 [482699.89664818 474505.54070087 481907.55878591 482522.87229345
  486384.79143128 484885.10098281 476717.8467475  491168.93615028
  485201.43282001 486402.31384252]
 [482947.08672203 490133.69992238 479738.12995234 479100.47443854
  480364.51998217 491352.40132627 462628.74211826 483298.15370661
  488627.87289003 482916.61466319]
 [484929.6436284  480321.48106646 480644.01986964 479311.41488665
  475771.24174582 479738.12995234 479100.47443854 480364.51998217
  491352.40132627 462628.74211826]
 [483298.15370661 488627.87289003 482916.61466319 484929.6436284
  480321.48106646 480644.01986964 479311.41488665 475771.24174582
  493700.51343898 495442.7036834 ]
 [474193.29333883 488304.76339863 490390.70772382 482425.32167356
  480333.71268231 487947.95837252 476726.59562228 483679.02119444
  484172.43750239 487911.46169539]
 [476922.36058348 493700.51343898 495442.7036834  474193.29333883
  488304.76339863 490390.70772382 482425.32167356 480333.71268231
  487947.95837252 476726.59562228]]