Energy grid for alpha=0.02, gammas=[0.01, 0.5], betas=[0.01, 0.5]
, n=15
, resolution=10
[[62381265.83012855 62812849.13907515 62205304.23060583 62041231.46161957
  62434175.61433752 61981009.01560611 62224719.48705632 61542529.23761511
  62488137.71345494 61406393.38047457]
 [62718880.43834332 62327942.11030468 60407439.10239553 61706096.97033882
  62260259.26616896 61128130.60101679 60471661.09629305 59883164.07952087
  62025575.13140702 61057047.52157813]
 [60468657.50611947 62078982.50466762 61351392.66306337 62240566.34074178
  61587577.50222776 62407080.53481627 59529082.74049796 62426000.33075201
  61710216.53323651 61608861.52984805]
 [62275561.1272952  61978617.10486255 61441415.24001069 62054993.99967776
  60250835.05355413 62258657.33584817 62189164.46817331 62345942.09525272
  61744212.03840089 62461157.49788305]
 [61803819.679072   62470108.55993301 60974431.82058748 62277344.78171036
  62257648.90738126 60493585.35179225 62233696.81596883 62208792.49056526
  61447500.25984644 61349549.55792148]
 [60694192.75335283 62403470.86701163 62479688.44274292 61717955.25469071
  61678526.73973495 62314043.11557405 59073801.15674312 61224994.40240404
  62343600.11854165 60863864.93143146]
 [60959608.6754766  62418686.99194151 61702733.88785193 61758213.48290964
  62123197.69935231 62476681.02138282 62006272.23779393 61873660.82126187
  61713632.20221369 61902600.05597394]
 [61907881.68898521 62241048.38510516 61941557.09491869 62365585.52382632
  62536203.32702114 62101760.87395053 62152878.35888163 60487721.37745509
  61903934.60583404 61186725.91103869]
 [61730257.53933004 62518492.51230459 61562679.48656441 60818923.29520245
  61748003.01122515 62620495.91922563 61745183.39098028 61618028.37528338
  59799174.48145682 60571130.60071576]
 [61783468.12394141 60467796.66841111 61871587.18130239 61640370.36506575
  61191811.03425142 61937489.40444756 62258041.96459038 62430094.13503071
  61417120.4719166  61960739.30234686]]