Energy grid for alpha=0.03, gammas=[0.01, 0.5], betas=[0.01, 0.5]
, n=30
, resolution=10
[[9.08346287e+07 8.79354365e+07 6.16832348e+07 3.72353214e+07
  1.39421397e+07 1.09033006e+07 1.05495334e+07 1.01308460e+07
  9.81590569e+06 9.67017427e+06]
 [1.51548428e+08 8.09657237e+07 4.44081468e+07 2.02021848e+07
  1.16743855e+07 1.04429702e+07 1.01138815e+07 9.67992497e+06
  9.57318740e+06 9.86668414e+06]
 [1.94947670e+08 7.94559156e+07 3.70684516e+07 1.21262553e+07
  1.05342518e+07 1.00487132e+07 1.00052880e+07 9.79257835e+06
  9.56193803e+06 9.35730339e+06]
 [2.03696087e+08 7.82667424e+07 2.27009218e+07 1.11811070e+07
  9.71985400e+06 9.85248159e+06 9.80753034e+06 9.59843638e+06
  9.40671503e+06 9.66184734e+06]
 [2.17143833e+08 5.26013782e+07 1.04661428e+07 1.02148642e+07
  9.97547945e+06 9.89151103e+06 9.61845720e+06 9.40116417e+06
  9.67496079e+06 9.72830035e+06]
 [2.08251959e+08 2.43546179e+07 1.06504450e+07 9.72847851e+06
  9.55016771e+06 9.25999938e+06 9.25719275e+06 9.40680658e+06
  9.16172658e+06 9.55032213e+06]
 [2.07144129e+08 1.32480222e+07 1.00892770e+07 9.48212916e+06
  9.27124579e+06 9.75211148e+06 9.50072263e+06 9.32414168e+06
  9.32665935e+06 9.21674186e+06]
 [2.11381156e+08 1.03499092e+07 9.23304498e+06 9.44293995e+06
  9.42481384e+06 9.67614370e+06 9.47396110e+06 9.31547006e+06
  9.20828097e+06 9.28465888e+06]
 [2.17969170e+08 9.78515951e+06 9.61831353e+06 9.20428229e+06
  9.59726704e+06 9.48400010e+06 9.37257838e+06 9.59904167e+06
  9.19238914e+06 9.26269598e+06]
 [2.04526141e+08 9.63597591e+06 9.29967102e+06 9.44252277e+06
  9.20652674e+06 9.64078785e+06 9.31598601e+06 9.66916919e+06
  9.57391871e+06 9.43026277e+06]]