Energy grid for alpha=0.03, gammas=[0.01, 0.5], betas=[0.01, 0.5]
, n=30
, resolution=10
[[2.00190221e+07 8.97451555e+07 8.75920572e+07 3.70319985e+07
  1.70017169e+07 1.77701170e+07 1.54337381e+07 1.12386193e+07
  1.01223957e+07 9.85794245e+06]
 [2.04437436e+07 9.46442931e+07 8.73929680e+07 6.95215626e+07
  1.81241808e+07 1.67376163e+07 1.10547290e+07 1.04418178e+07
  9.76853912e+06 1.00580991e+07]
 [3.01705175e+07 9.68444247e+07 8.62110099e+07 6.53966953e+07
  1.73164946e+07 1.14589755e+07 1.03914619e+07 1.03502945e+07
  9.77725614e+06 9.73693191e+06]
 [5.02800673e+07 9.90897774e+07 8.39506272e+07 5.85145613e+07
  1.64509979e+07 1.11301365e+07 1.00537815e+07 9.72573630e+06
  9.52820305e+06 9.83839822e+06]
 [7.73399802e+07 1.00684416e+08 8.02609290e+07 1.75981238e+07
  1.01807999e+07 1.02296631e+07 1.02143188e+07 9.54681838e+06
  9.81072486e+06 9.85458077e+06]
 [1.10290798e+08 2.43372591e+07 7.54290356e+07 1.01602872e+07
  1.01570958e+07 9.33987173e+06 9.38940562e+06 9.53545481e+06
  9.16528729e+06 9.63529284e+06]
 [1.44711134e+08 1.38154581e+07 1.02543273e+07 9.78305788e+06
  9.33464846e+06 9.83901657e+06 9.80319640e+06 9.35185044e+06
  9.40966207e+06 9.42452325e+06]
 [1.80494144e+08 1.03457030e+07 9.23516302e+06 9.70882245e+06
  9.52167131e+06 9.80246945e+06 9.56569308e+06 9.38253244e+06
  9.21177490e+06 9.39727540e+06]
 [2.14690256e+08 9.78967666e+06 9.68445142e+06 9.20517043e+06
  9.66507249e+06 9.59864076e+06 9.43886755e+06 9.65048018e+06
  9.19490253e+06 9.26472356e+06]
 [2.07065554e+08 9.64195023e+06 9.37637027e+06 9.44908121e+06
  9.20860687e+06 9.67598229e+06 9.54152925e+06 9.74618375e+06
  9.66340025e+06 9.50168554e+06]]