Energy grid for alpha=0.02, gammas=[0.01, 0.5], betas=[0.01, 0.5]
, n=30
, resolution=10
[[3.73826099e+07 1.84836866e+08 1.43285499e+08 1.12695529e+07
  1.08556387e+07 1.08701389e+07 1.08524895e+07 1.08814595e+07
  1.08821502e+07 1.08524054e+07]
 [4.69168700e+07 1.48587779e+08 1.09574259e+07 1.09123366e+07
  1.08884327e+07 1.07837089e+07 1.08459358e+07 1.07806586e+07
  1.07977445e+07 1.08256332e+07]
 [6.03015931e+07 2.03549506e+07 1.09363032e+07 1.08537194e+07
  1.08710559e+07 1.08625761e+07 1.08483866e+07 1.07615851e+07
  1.07987492e+07 1.07892473e+07]
 [1.16974958e+08 1.10899487e+07 1.09316656e+07 1.08798909e+07
  1.08653706e+07 1.08394810e+07 1.08121357e+07 1.07032781e+07
  1.08184566e+07 1.07899205e+07]
 [1.52055968e+08 1.10990093e+07 1.09226756e+07 1.08819824e+07
  1.08546822e+07 1.08225934e+07 1.08221701e+07 1.08080744e+07
  1.07367178e+07 1.07368647e+07]
 [2.09794806e+08 1.11019616e+07 1.09238783e+07 1.08722964e+07
  1.08307437e+07 1.08380679e+07 1.08630078e+07 1.07676390e+07
  1.07485933e+07 1.07731556e+07]
 [1.92121989e+08 1.11043218e+07 1.09359551e+07 1.08691312e+07
  1.08063212e+07 1.08120195e+07 1.07765535e+07 1.07458142e+07
  1.07936992e+07 1.08230833e+07]
 [1.91701586e+08 1.11148532e+07 1.09382404e+07 1.08750829e+07
  1.08311673e+07 1.07830406e+07 1.07718627e+07 1.07193139e+07
  1.07415782e+07 1.07582891e+07]
 [1.16486950e+08 1.11027600e+07 1.09323380e+07 1.08482452e+07
  1.07923778e+07 1.08031290e+07 1.07686481e+07 1.07615740e+07
  1.06945718e+07 1.07606649e+07]
 [1.64550266e+07 1.11307267e+07 1.09366752e+07 1.08243316e+07
  1.08350964e+07 1.07835624e+07 1.06973369e+07 1.07329864e+07
  1.07771074e+07 1.07738750e+07]]