Energy grid for alpha=0.02, gammas=[0.01, 0.5], betas=[0.01, 0.5]
, n=30
, resolution=10
[[2.78324550e+07 1.36313821e+08 9.22075388e+07 1.04893042e+07
  1.00674668e+07 1.00776294e+07 1.00621119e+07 1.00908662e+07
  1.00942460e+07 1.00699867e+07]
 [3.63627778e+07 1.04124089e+08 1.01614054e+07 1.01130136e+07
  1.00914537e+07 1.00041087e+07 1.00557961e+07 9.99771577e+06
  1.00140110e+07 1.00453476e+07]
 [4.49828603e+07 1.28995243e+07 1.01318029e+07 1.00549915e+07
  1.00734291e+07 1.00692556e+07 1.00587273e+07 9.98231678e+06
  1.00188758e+07 1.00171703e+07]
 [8.59228469e+07 1.02878665e+07 1.01259116e+07 1.00785309e+07
  1.00684437e+07 1.00476573e+07 1.00254579e+07 9.93084417e+06
  1.00406628e+07 1.00145033e+07]
 [1.07635334e+08 1.02802126e+07 1.01153988e+07 1.00809138e+07
  1.00596540e+07 1.00345192e+07 1.00391633e+07 1.00300011e+07
  9.96205538e+06 9.96441117e+06]
 [1.44379468e+08 1.02812099e+07 1.01163049e+07 1.00724190e+07
  1.00387587e+07 1.00528606e+07 1.00841538e+07 9.99323013e+06
  9.97698276e+06 1.00030732e+07]
 [1.19939102e+08 1.02826461e+07 1.01285360e+07 1.00712217e+07
  1.00178360e+07 1.00308811e+07 1.00010636e+07 9.97354511e+06
  1.00236041e+07 1.00540706e+07]
 [1.17370372e+08 1.02919510e+07 1.01312309e+07 1.00799106e+07
  1.00462038e+07 1.00054088e+07 9.99882991e+06 9.94926678e+06
  9.97246485e+06 9.98997282e+06]
 [4.17853041e+07 1.02793654e+07 1.01264195e+07 1.00561456e+07
  1.00112147e+07 1.00286960e+07 9.99728123e+06 9.99214866e+06
  9.92598341e+06 9.99212884e+06]
 [1.39238703e+07 1.03067634e+07 1.01330699e+07 1.00357217e+07
  1.00566803e+07 1.00100658e+07 9.92642085e+06 9.96350359e+06
  1.00082909e+07 1.00050138e+07]]