Energy grid for alpha=0.02, gammas=[0.01, 0.5], betas=[0.01, 0.5]
, n=15
, resolution=10
[[3.01297104e+00 8.02617693e+07 4.44932262e+07 7.19539296e+06
  5.52222890e+06 5.31019748e+06 5.13348713e+06 5.06059827e+06
  4.99823260e+06 4.93289203e+06]
 [4.47617779e+06 7.79479136e+07 7.96933889e+06 5.68549884e+06
  5.41477826e+06 5.24605000e+06 5.08897219e+06 5.02179569e+06
  4.96502059e+06 4.93068400e+06]
 [1.27503016e+07 5.00156007e+07 6.14206963e+06 5.58499465e+06
  5.32937834e+06 5.18161449e+06 5.08744098e+06 5.01321249e+06
  4.95580988e+06 4.91007600e+06]
 [2.00273884e+07 1.10011395e+07 6.06519298e+06 5.57672477e+06
  5.32657601e+06 5.17858880e+06 5.09165720e+06 5.01260326e+06
  4.96614389e+06 4.92634731e+06]
 [2.81020718e+07 7.51369015e+06 6.06837649e+06 5.56104380e+06
  5.32407560e+06 5.17815771e+06 5.08030654e+06 5.00670631e+06
  4.95860240e+06 4.92993368e+06]
 [4.59648322e+07 7.49694125e+06 6.05235193e+06 5.56239381e+06
  5.31801604e+06 5.17245985e+06 5.07606841e+06 5.01327816e+06
  4.94950047e+06 4.90845415e+06]
 [1.91772118e+08 7.48991484e+06 6.05253024e+06 5.56149093e+06
  5.31525593e+06 5.17313752e+06 5.07168496e+06 5.00109479e+06
  4.94526447e+06 4.91049461e+06]
 [3.79917453e+07 7.48955164e+06 6.05217448e+06 5.56297405e+06
  5.31565195e+06 5.16467494e+06 5.07194292e+06 4.99752823e+06
  4.95002208e+06 4.90054907e+06]
 [3.65875481e+07 7.49009232e+06 6.05358608e+06 5.56099563e+06
  5.31510640e+06 5.17018276e+06 5.06769783e+06 5.00049075e+06
  4.94134965e+06 4.90201358e+06]
 [3.65881067e+07 7.49027969e+06 6.05019121e+06 5.56290272e+06
  5.31435826e+06 5.16772815e+06 5.08027166e+06 5.04762056e+06
  4.94611891e+06 4.89991438e+06]]