Energy grid for alpha=0.02, gammas=[0.2, 0.12], betas=[0.12, 0.12]
, n=15
, resolution=10
[[6077273.09769009 6045161.45420323 6046162.07728502 6037027.32349139
  6038972.4667592  6040577.38376248 6045406.72416283 6039531.86432694
  6040497.58567752 6036461.89760351]
 [6052717.96545571 6040729.85258616 6088240.93960694 6050104.51439295
  6053881.67006532 6090606.16775171 6065768.59881098 6047892.17217952
  6041803.26588369 6040465.14164404]
 [6062251.22191524 6063205.49417156 6088803.85556072 6100416.31978451
  6036741.52908451 6080326.67163482 6053681.03608375 6045754.66101284
  6060705.15643709 6036465.36680231]
 [6050581.17651988 6042550.46275731 6081481.21713959 6036862.91433004
  6054059.10102337 6110965.26272144 6050501.99348321 6044209.12600351
  6103397.36516564 6036881.79047332]
 [6041605.35019368 6041848.05177393 6039614.60256435 6048621.83889295
  6042819.7853224  6161942.64125106 6052072.13462584 6079429.46861043
  6070554.29465669 6122594.21833656]
 [6076746.65831572 6083090.50049864 6092375.82606167 6132325.55830978
  6041189.83425252 6056437.59576041 6085874.38360429 6062224.06033602
  6109457.80474482 6055673.09937033]
 [6042186.36666014 6150234.42265565 6134690.37502306 6046240.27272695
  6075020.78975543 6081891.10239908 6052349.35952207 6188630.13101761
  6037115.64357913 6080474.65508038]
 [6139573.71606322 6096763.50394927 6202102.46070722 6078608.68222974
  6144625.40421154 6043144.0065209  6071859.38164685 6067370.39764094
  6091344.21859548 6067420.22855547]
 [6134095.43182648 6168065.42245186 6061871.54488169 6129139.71249903
  6168070.37248648 6074141.30042702 6228355.4384797  6124050.76089958
  6045033.6259097  6101012.85760327]
 [6424594.57303585 6195997.197469   6160786.5508735  6223538.00125211
  6091294.91713643 6238984.84950321 6118852.83350743 6185051.41167791
  6036418.46103342 6125298.43912865]]