Energy grid for alpha=0.02, gammas=[0.33, 0.33], betas=[0.33, 0.33]
, n=27
, resolution=10
[[87391.8855095 87391.8855095 87391.8855095 87391.8855095 87391.8855095
  87391.8855095 87391.8855095 87391.8855095 87391.8855095 87391.8855095]
 [87391.8855095 87391.8855095 87391.8855095 87391.8855095 87391.8855095
  87391.8855095 87391.8855095 87391.8855095 87391.8855095 87391.8855095]
 [87391.8855095 87391.8855095 87391.8855095 87391.8855095 87391.8855095
  87391.8855095 87391.8855095 87391.8855095 87391.8855095 87391.8855095]
 [87391.8855095 87391.8855095 87391.8855095 87391.8855095 87391.8855095
  87391.8855095 87391.8855095 87391.8855095 87391.8855095 87391.8855095]
 [87391.8855095 87391.8855095 87391.8855095 87391.8855095 87391.8855095
  87391.8855095 87391.8855095 87391.8855095 87391.8855095 87391.8855095]
 [87391.8855095 87391.8855095 87391.8855095 87391.8855095 87391.8855095
  87391.8855095 87391.8855095 87391.8855095 87391.8855095 87391.8855095]
 [87391.8855095 87391.8855095 87391.8855095 87391.8855095 87391.8855095
  87391.8855095 87391.8855095 87391.8855095 87391.8855095 87391.8855095]
 [87391.8855095 87391.8855095 87391.8855095 87391.8855095 87391.8855095
  87391.8855095 87391.8855095 87391.8855095 87391.8855095 87391.8855095]
 [87391.8855095 87391.8855095 87391.8855095 87391.8855095 87391.8855095
  87391.8855095 87391.8855095 87391.8855095 87391.8855095 87391.8855095]
 [87391.8855095 87391.8855095 87391.8855095 87391.8855095 87391.8855095
  87391.8855095 87391.8855095 87391.8855095 87391.8855095 87391.8855095]]