Energy grid for alpha=0.03, gammas=[0.01, 0.5], betas=[0.01, 0.5]
, n=30
, resolution=10
[[1.61572783e+07 7.58298648e+07 5.34236059e+07 2.21877156e+07
  1.37247659e+07 1.17875355e+07 1.15922888e+07 1.14113887e+07
  1.10065036e+07 1.11013204e+07]
 [2.16731570e+07 7.72806031e+07 4.00902734e+07 1.52904627e+07
  1.25328963e+07 1.13298953e+07 1.13337844e+07 1.08773266e+07
  1.07841028e+07 1.10835373e+07]
 [3.79524993e+07 7.56652314e+07 3.08803006e+07 1.20283412e+07
  1.14011130e+07 1.10353489e+07 1.12581945e+07 1.08689372e+07
  1.07295650e+07 1.06063399e+07]
 [6.54254724e+07 7.42668431e+07 1.70428952e+07 1.17409101e+07
  1.07445150e+07 1.10986549e+07 1.10629397e+07 1.07040877e+07
  1.03994143e+07 1.10805084e+07]
 [1.03764968e+08 2.58921886e+07 1.07904109e+07 1.09177456e+07
  1.10064470e+07 1.10075857e+07 1.09214699e+07 1.05148378e+07
  1.07450490e+07 1.09560261e+07]
 [1.45575045e+08 1.69157133e+07 1.14080763e+07 1.04881166e+07
  1.05512533e+07 1.05579085e+07 1.05192360e+07 1.04468253e+07
  1.04683659e+07 1.06819303e+07]
 [1.82005383e+08 1.14925915e+07 1.08296315e+07 1.05718574e+07
  1.05565490e+07 1.09802678e+07 1.05186386e+07 1.04436725e+07
  1.05658650e+07 1.05469056e+07]
 [1.89268826e+08 1.11388620e+07 1.05792934e+07 1.05649855e+07
  1.06141579e+07 1.07212945e+07 1.05370836e+07 1.05871223e+07
  1.05270011e+07 1.05797394e+07]
 [1.88683922e+08 1.10121390e+07 1.06102798e+07 1.05436729e+07
  1.08911443e+07 1.05862126e+07 1.06616421e+07 1.08433555e+07
  1.04809695e+07 1.06075655e+07]
 [1.76537608e+08 1.10070285e+07 1.06233149e+07 1.07974744e+07
  1.05618303e+07 1.05839297e+07 1.05285140e+07 1.09268392e+07
  1.06346550e+07 1.07674140e+07]]