Energy grid for alpha=0.02, gammas=[0.01, 0.5], betas=[0.01, 0.5]
, n=36
, resolution=10
[[2.20554268e+07 1.24818562e+08 1.31754419e+08 2.18400930e+08
  2.26494101e+08 1.28237986e+07 1.28824047e+07 1.28272672e+07
  1.29877955e+07 1.28935776e+07]
 [2.93520796e+07 1.10992971e+08 1.21620495e+07 1.25646107e+07
  1.27341166e+07 2.27976930e+08 1.29242499e+07 1.29767485e+07
  1.30119650e+07 1.29943470e+07]
 [3.65067927e+07 1.55013358e+07 1.22404934e+07 1.25905964e+07
  1.27436868e+07 1.28504116e+07 1.29540339e+07 1.30247115e+07
  1.30552329e+07 1.30376113e+07]
 [5.15306044e+07 1.51219134e+08 1.22615945e+07 1.26854101e+07
  1.27391473e+07 1.28415374e+07 1.31461275e+07 1.29583967e+07
  1.30099607e+07 1.30783723e+07]
 [7.56773870e+07 1.14571601e+07 1.24018005e+07 1.26644629e+07
  1.27674043e+07 1.29167802e+07 1.29285259e+07 1.29837172e+07
  1.30604370e+07 1.31478753e+07]
 [8.91237119e+07 1.62224313e+08 1.22933547e+07 1.26003319e+07
  1.28144789e+07 1.28576188e+07 1.29158657e+07 1.30504466e+07
  1.30161384e+07 1.31044155e+07]
 [8.35759459e+07 1.15552541e+07 1.24146243e+07 1.26075811e+07
  1.27310608e+07 1.28565687e+07 1.30018706e+07 1.30647388e+07
  1.29750195e+07 1.31121503e+07]
 [1.06241882e+08 1.15846782e+07 1.23332892e+07 1.25758202e+07
  1.27121235e+07 1.29475530e+07 1.28912534e+07 1.32002851e+07
  1.29635607e+07 1.29901532e+07]
 [5.85371022e+07 1.15981307e+07 1.23329920e+07 1.26243699e+07
  1.27221288e+07 1.31265993e+07 1.29897100e+07 1.32898518e+07
  1.30400236e+07 1.30372061e+07]
 [1.77703722e+07 1.16383257e+07 1.23185209e+07 1.26970958e+07
  1.27249703e+07 1.28896140e+07 1.30326515e+07 1.29557986e+07
  1.30861760e+07 1.29577632e+07]]