Energy grid for alpha=0.05, gammas=[0.01, 0.5], betas=[0.01, 0.5]
, n=30
, resolution=10
[[9.55637459e+07 2.66506677e+08 2.55855864e+08 2.48415045e+08
  2.34947441e+08 2.24016646e+08 2.15050804e+08 2.05550439e+08
  1.96116952e+08 1.85469249e+08]
 [9.66360926e+07 2.82568744e+08 2.57941305e+08 2.45839677e+08
  2.33775881e+08 2.22052981e+08 2.11808129e+08 2.01730811e+08
  1.90245366e+08 1.80571515e+08]
 [1.08301035e+08 2.78252713e+08 2.59274982e+08 2.45696705e+08
  2.32613180e+08 2.19586118e+08 2.07916397e+08 1.96661300e+08
  1.85868842e+08 1.73631564e+08]
 [1.84294971e+08 2.76482313e+08 2.60788089e+08 2.46267707e+08
  2.30996448e+08 2.15911280e+08 2.04409120e+08 1.91447700e+08
  1.60718986e+07 2.62287336e+07]
 [2.88940145e+08 2.63989824e+08 2.63004254e+08 2.46247518e+08
  2.28474523e+08 2.13861582e+08 2.00088974e+08 1.62376747e+07
  1.64773716e+07 2.57039570e+07]
 [4.32440796e+08 2.62303017e+08 2.65303906e+08 1.65592681e+07
  2.25384092e+08 1.63040101e+07 1.64110310e+07 1.61455994e+07
  1.61353949e+07 1.68603844e+07]
 [6.26892542e+08 2.40108478e+08 2.67041388e+08 2.43792140e+08
  1.63169113e+07 1.72903071e+07 1.62588666e+07 1.64581414e+07
  1.62339065e+07 1.62864499e+07]
 [8.43976508e+08 2.21605853e+08 1.68521687e+07 1.64637742e+07
  1.70041966e+07 1.65757785e+07 1.62630826e+07 1.61434104e+07
  1.61702129e+07 1.61979983e+07]
 [1.03579881e+09 1.10377138e+08 1.68672387e+07 1.64984670e+07
  1.67287961e+07 1.63859720e+07 1.63039466e+07 1.65658561e+07
  1.60975443e+07 1.61969747e+07]
 [1.03803743e+09 2.08716393e+07 1.68161410e+07 1.68471314e+07
  1.64022761e+07 1.63858100e+07 1.62484277e+07 1.66012161e+07
  1.62704615e+07 1.62683093e+07]]