Energy grid for alpha=0.01, gammas=[0.01, 0.5], betas=[0.01, 0.5]
, n=30
, resolution=5
[[18041331.09048646 12618495.38535386  9579619.54677926  9482586.17169868
   9287403.04369111]
 [31620094.02916055  9743933.75748454  9477014.56707295  9104275.94450116
   9085303.08066659]
 [44083572.73458029  9172247.27222979  8791697.345945    8968001.55321716
   9387801.75193382]
 [21287869.41019774  8826408.95759455  8828113.90378704  8861781.10466669
   8974276.39837358]
 [10704266.03666591  8795507.8998166   8855051.28344414  8966052.34958552
   9196975.57762619]]