Energy grid for alpha=0.05, gammas=[0.01, 0.5], betas=[0.01, 0.5]
, n=30
, resolution=10
[[ 289071.24677858  525751.47295175  367117.8035894   241919.10217683
   123891.91916684   41459.9535001     6786.45664092    8329.46298523
     8771.14847475    8866.12839   ]
 [ 707066.24452186  601045.70122166  333443.31245571  184375.9321153
    71588.84955541    8150.89553938   10788.67088511   10968.60794699
    10798.48330319   10730.22578229]
 [ 812439.78570092  601560.98491723  296523.90260724  128093.13511583
     8449.85684477   13796.36895437   14690.75551847   14007.9344671
    12934.85636333   12039.08585179]
 [ 936602.09006413  580670.14057742  261533.64744387   32665.26496784
    16328.81071025   19284.99430382   18341.19654708   16416.8516121
    14833.58410653   14096.47000887]
 [ 943451.75630866  535995.7372558   169653.76819202   17604.77556532
    25927.45401824   24988.25961514   21871.85738795   18776.39064265
    17323.51025204   15767.9192427 ]
 [ 977169.94002549  362730.66649334  102150.33809405   29403.1008511
    32979.29009318   27918.45181881   23785.33140022   21462.34696159
    18266.64827115   17072.7645096 ]
 [ 973686.92468144  245352.90680375    7467.32801903   43609.7041351
    38976.99464266   35107.50015494   28553.21518366   24022.42653427
    20218.84251307   17852.7486648 ]
 [1006460.73164056  201087.90376575   28038.36085092   43945.02978349
    41763.83343226   40312.04345078   31939.28411225   25865.80371081
    22339.24832748   19880.69987538]
 [1018197.08769943  140486.33916594   48488.34413066   41705.24580535
    43125.5396965    41739.38227443   34146.29034298   29566.37950474
    23886.54596991   20863.8918596 ]
 [ 986766.55650939  124143.67756278   43751.08718385   42544.90200686
    39727.11718985   40415.85176243   37492.3695578    30802.80007477
    27048.71865022   23073.52482036]]