Energy grid for alpha=0.03, gammas=[0.01, 0.5], betas=[0.01, 0.5]
, n=25
, resolution=10
[[ 59873.86752064 163884.58862924 111111.05625955  81871.36309641
   46005.40252349  43350.48728582  45625.04615688  41231.06134313
   40734.0196322   42054.06389874]
 [ 89239.12541046 176963.98181644 101311.17415764  60505.65464285
   47837.52548957  44957.48468762  44425.08319664  42813.68422687
   42787.60214118  43689.21931064]
 [121911.49921296 178562.47278252  76665.80931306  62270.94027706
   52107.87861427  45905.21533416  47214.14933403  44661.58045711
   44189.46198421  44288.05458247]
 [153378.01053308 214133.51086823  60741.64901435  62228.943256
   52132.01035469  45083.92658015  46813.99995741  48062.26750224
   46983.24037804  46591.45200563]
 [203682.14619102  95989.48305174  69820.36493161  58793.50202303
   51287.59637721  45645.59059271  46693.90429586  47766.37143686
   48607.27433357  47674.28386351]
 [216475.82474801  98895.46345354  66752.66138371  56055.40123973
   52700.12933548  45195.92231302  46549.77089072  47406.23813165
   48352.18366975  49429.95086409]
 [242127.69900185  92485.60853346  62327.58037296  53283.96197045
   50884.87375993  44644.24344346  46781.74239068  47387.21493986
   47414.0187651   49602.16494565]
 [277773.06741795  80071.25105415  59280.93554251  52412.77513106
   50207.41090992  45804.08064805  46882.46632447  47005.23658148
   48367.83410383  47950.1131682 ]
 [320496.74429958  70032.67127787  56723.99842753  50648.94733599
   48969.60618065  46170.44502592  45724.36330445  46777.10708626
   48091.24940754  48403.93413159]
 [366122.32755359  64479.18929945  54338.41402465  49859.25741572
   48865.52224895  45755.95434672  46073.45400017  47893.33575597
   47489.47964288  47485.26556416]]