Energy grid for alpha=0.03, gammas=[0.01, 0.5], betas=[0.01, 0.5]
, n=30
, resolution=10
[[55682917.96014462 57119790.82469127 34980592.73036672 20204288.41643938
  78585657.02302419 14987461.84795952 12778591.39496315 11959223.54094332
  11733658.25696039 11748236.63040076]
 [71638386.07307465 59540778.20081209 27741171.14345725 53812929.4088087
  13873646.0074814  11169656.62233992 10744419.79045041 10447937.31546413
  10563074.83854717 11016121.22585626]
 [85129842.58669023 55921323.26359572 32350956.44231589 14039467.54565452
  10375056.93202964  9795656.37734983  9886462.87179298  9922949.61719455
   9932008.18696826 10084427.40653699]
 [89695479.41755897 51823106.68415466 68289454.63213544 10508490.81864914
   8929101.39986517  9224367.16952687  9318547.92433123  9324290.26868257
   9412522.85149418  9951038.07674067]
 [95087410.96379381 29437327.96258572 10606108.28695002  9114763.55565412
   8884189.04177024  8953879.73395347  8919093.63816478  8864995.90690591
   9357112.13564788  9666576.93009967]
 [87046640.39586344 16703349.19890477  9841517.08754975  8298977.7095967
   8221181.09472746  8104466.97969551  8181415.29998273  8717309.14689433
   8600906.30731938  9281162.57894727]
 [83672748.01839742 24748343.84339375  8827407.92499376  8062233.04376743
   7730996.4177189   8008312.73851586  8285904.27903898  8637808.99181627
   8809836.15457022  9200822.61583229]
 [84126136.89699182 17321465.46857243  7975325.99605318  7621055.74938259
   8089127.62187739  7735108.03638381  7937457.86822495  8356617.35368217
   8949844.68350577  8889229.44060228]
 [80303640.7873829   9047545.08789688  7601100.4210393   7531766.70971413
   7524755.02961888  7966521.92795169  8233022.78169667  8381947.57272556
   8756011.4363739   8766551.30410367]
 [80480548.64308631  8185683.49071295  7621269.38204278  7809285.46157531
   7571433.75175177  8118266.49343049  8121901.71274513  8428063.10510247
   8595811.54813014  8541742.98864353]]