Energy grid for alpha=0.07, gammas=[0.01, 0.5], betas=[0.01, 0.5]
, n=30
, resolution=10
[[6.09655709e+07 1.62394027e+08 1.62085114e+08 1.54247345e+08
  9.34923467e+07 6.70626120e+07 5.01309662e+07 2.23564257e+07
  1.37216343e+07 1.27694884e+07]
 [4.97627360e+07 1.71201164e+08 1.58712319e+08 1.44715363e+08
  8.26656575e+07 6.07918747e+07 2.29949448e+07 1.54108642e+07
  1.28064521e+07 1.29106898e+07]
 [6.06958798e+07 1.85889605e+08 1.58545368e+08 1.03431544e+08
  7.45319049e+07 2.40693055e+07 2.12926622e+07 1.33494696e+07
  1.27031243e+07 1.23499533e+07]
 [8.44394625e+07 1.96906672e+08 1.41364291e+08 9.81482574e+07
  6.85648655e+07 2.27071517e+07 1.34439058e+07 1.26072419e+07
  1.21513022e+07 1.24515350e+07]
 [1.73529603e+08 2.18037158e+08 1.34046656e+08 9.20086498e+07
  2.51841937e+07 1.42759333e+07 1.31084307e+07 1.22311282e+07
  1.24202289e+07 1.24206073e+07]
 [1.79535332e+08 2.04936522e+08 1.31340004e+08 8.51648819e+07
  1.49227888e+07 1.22961772e+07 1.18688402e+07 1.21545590e+07
  1.16776391e+07 1.21537091e+07]
 [2.56009744e+08 1.90666984e+08 1.27099240e+08 1.44712045e+07
  1.19776125e+07 1.27718423e+07 1.22564213e+07 1.19155749e+07
  1.17304407e+07 1.17681279e+07]
 [3.26631483e+08 1.79873921e+08 2.10805774e+07 1.30733099e+07
  1.24200624e+07 1.25870540e+07 1.21913607e+07 1.16956719e+07
  1.17048226e+07 1.17091051e+07]
 [4.19311586e+08 1.77803338e+08 1.50309587e+07 1.22118481e+07
  1.23735357e+07 1.22654010e+07 1.17862262e+07 1.21845310e+07
  1.16668605e+07 1.17203977e+07]
 [5.24430634e+08 1.77337788e+08 1.30663423e+07 1.26076344e+07
  1.18645105e+07 1.23501116e+07 1.17799314e+07 1.21143863e+07
  1.20666927e+07 1.17728276e+07]]