Energy grid for alpha=0.03, gammas=[0.01, 0.5], betas=[0.01, 0.5]
, n=30
, resolution=10
[[4.39861748e+07 1.89706201e+08 2.21365600e+08 2.22320147e+08
  2.17997287e+08 2.12068514e+08 2.03799990e+08 1.95611106e+08
  1.86812445e+08 1.77453330e+08]
 [5.01556383e+07 1.99050660e+08 2.23729922e+08 2.23560815e+08
  2.17853758e+08 2.09511490e+08 2.00972410e+08 1.92092713e+08
  1.82377603e+08 2.25389873e+07]
 [7.50535558e+07 2.05589686e+08 2.26189771e+08 2.24080510e+08
  2.16220152e+08 2.07294293e+08 1.98221745e+08 1.87372768e+08
  2.25119025e+07 1.65400633e+08]
 [1.26538283e+08 2.12786420e+08 2.28950743e+08 2.24414626e+08
  2.14479277e+08 2.04250692e+08 1.94119615e+08 1.37242801e+07
  1.27390727e+07 1.50917205e+07]
 [2.08987541e+08 1.36958701e+08 2.30974329e+08 2.23839007e+08
  2.11833517e+08 2.01280584e+08 2.23519253e+07 1.28701097e+07
  1.31172010e+07 1.38206964e+07]
 [3.08674691e+08 3.10556466e+07 2.32917853e+08 1.29147705e+07
  2.08024914e+08 1.36391523e+07 2.22248617e+07 1.27910707e+07
  1.28073033e+07 1.35322415e+07]
 [4.29383106e+08 1.39947677e+07 2.34199556e+08 2.20555272e+08
  1.32076540e+07 1.37480918e+07 1.28769038e+07 1.27887291e+07
  1.29008249e+07 1.29676273e+07]
 [4.64662880e+08 1.36451860e+07 1.30326432e+07 1.38149001e+07
  1.34643842e+07 1.37726438e+07 1.28883260e+07 1.31737377e+07
  1.28559400e+07 1.29039351e+07]
 [4.74636199e+08 1.35216089e+07 1.30645954e+07 1.29636278e+07
  1.42650700e+07 1.29492680e+07 1.33043145e+07 1.31954978e+07
  1.28073335e+07 1.29291026e+07]
 [4.66359621e+08 1.35193455e+07 1.30771148e+07 1.32296260e+07
  1.29425318e+07 1.29386214e+07 1.28681073e+07 1.32424498e+07
  1.29589329e+07 1.34026356e+07]]