Energy grid for alpha=0.02, gammas=[0.01, 0.5], betas=[0.01, 0.5]
, n=15
, resolution=10
[[36647577.9022962  36779933.68833727 36204685.27938559 36240984.09853236
  36459824.82572825 36533040.0313746  36294517.89484084 36281324.95304745
  36289655.12644117 36428987.59358945]
 [36250316.38709172 36306191.79035431 36146451.17106248 36446741.77250668
  36280139.82608063 36364576.25925607 36234922.43349503 36319275.73790415
  35902264.27496296 36516396.12353796]
 [36354556.04044279 36329796.91852946 36405950.46996987 36333440.24619409
  36574165.82277961 36064007.01310747 36463820.23616614 36354100.70040154
  36369463.27400649 36079583.40025842]
 [36214016.36046673 36331088.04361808 36275456.71586728 36258581.34044903
  36211354.86554237 36481214.41368198 36377478.83977887 36483713.11744121
  36185467.94985562 36452311.05595245]
 [36080794.30748151 36443310.62216217 36292192.50205962 36411490.16350707
  36166725.34534201 36350457.47398232 36451844.3687501  36173483.13939994
  36519512.09858698 36063535.19335167]
 [36469497.30131379 36136304.10834327 36372606.49058001 36353064.40436944
  35699403.99632427 36388979.11805309 36220046.87620678 36345236.9831727
  36582481.72726063 36007300.89261457]
 [36280278.23691067 36197845.97135529 36453280.96445335 36308770.9884552
  36182301.79273745 36186657.61683554 36212325.83388227 35976354.26999005
  36362587.23110985 36554534.16608513]
 [36519655.79833643 36500530.89738917 36425291.43657149 36407677.41854462
  35902858.84856654 36324941.49234528 36333724.70063489 36555276.09587424
  36538191.37973899 36232215.43657807]
 [36040885.12154604 36265005.6188313  36513805.23178231 36372757.14165124
  36382413.0705066  36425683.46679352 36339049.69037572 36362325.83799665
  36499149.83998907 36310035.28430371]
 [36372344.44882518 36426377.46629667 36361301.81668784 36445555.89630312
  36225587.1830406  36359734.1042954  36390373.75176322 36446476.68798877
  35933476.1896321  36346360.39754347]]