Energy grid for alpha=0.01, gammas=[0.01, 0.5], betas=[0.01, 0.5]
, n=30
, resolution=10
[[17451621.72767493 16866985.64678088 31422302.1945914  11481453.44078201
  10078598.82371809  9878551.82746115 10250469.5338017  10359503.27296819
  10595995.1828597  10821163.10462671]
 [20371345.6390262  20079343.3018988  10812013.45260053  8927299.136002
   9090336.67261527  9257572.83956236  9437408.73843447  9542716.04914076
   9859970.7557249  10399043.14717146]
 [22543987.63030099 29662622.13499045  8700819.49133307  8323172.22151004
   8517549.29515181  8742744.57216778  9095766.87402843  9294086.84964393
   9437620.73497725  9624069.52936899]
 [24921308.43232358 10522683.2995558   8411167.58839902  8219124.65214019
   7998989.64027263  8503890.67565771  8790780.55899184  8908671.57294862
   9040079.78244193  9595805.51856509]
 [26246310.74337376  7446362.6088694   7414485.38620005  7849660.1654116
   8191435.07897378  8477375.09579354  8587634.85623827  8557467.37515507
   9080225.36754362  9396132.41595987]
 [15614476.34890969  7149375.99834743  7753160.61346346  7736351.86198247
   7827181.29455973  7799397.41146454  8002862.40941054  8492119.54160822
   8406988.6796397   9068806.46438204]
 [13158341.28269817  7199788.79958941  7544234.74631489  7620702.04248052
   7554652.64147786  8236364.82978656  8291053.30833957  8274433.28796812
   8432377.87505966  8627972.39548399]
 [24501078.64155216  7071779.6421644   7239601.20908805  7603393.43704647
   7695476.20477732  8113259.45163845  8137194.005569    8144263.0717357
   8274386.06912986  8543194.89965215]
 [68683311.8368728   7082637.87578797  7509801.28111677  7473197.4516186
   7836427.19865644  8024925.43005488  7899179.31171813  8358078.94047024
   8165647.54889947  8382282.37467639]
 [16472601.54013007  7106451.327414    7219741.15830861  7500104.86727386
   7411213.75991841  8036391.54079118  8022700.83568204  8333199.99878934
   8538332.1827731   8465630.12150261]]