Energy grid for alpha=0.02, gammas=[0.01, 0.5], betas=[0.01, 0.5]
, n=30
, resolution=10
[[192861.29965237 177049.38650176  95858.37918672  24772.39857097
    4198.22025851   4815.46011795   4951.21806681   4688.58469984
    4417.86907407   4163.05216122]
 [208697.78029349 165958.0294223   55974.1156385    6358.77179657
    7636.77565421   7068.54770302   6407.61720411   5699.78482905
    5208.78057566   4919.66722758]
 [242288.83323852 143771.95813669   7195.4597067   12066.05019347
   10770.1600768    9134.49117025   7940.3729669    6881.72705783
    6035.07685464   5408.99562175]
 [251231.17519793 116098.94525433  21528.09453083  18112.74536443
   13375.68456937  11147.82864619   9320.9833751    7826.84979931
    6769.04155557   6218.8164247 ]
 [270026.9082449   31961.01651237  29026.29703354  23060.53663291
   17055.48670619  13316.24520097  10647.62083084   8700.9896714
    7755.19178773   6889.81384227]
 [225641.882496    15689.75598772  41653.24763372  27714.08556261
   19333.63039182  14269.65083342  11334.10325601   9761.09170171
    8044.36182879   7397.7250178 ]
 [214870.61183014  39520.25320308  39951.38882971  32220.92996007
   21260.02380152  16954.84519181  13156.28686009  10611.38489715
    8896.87872447   7706.58800746]
 [208848.70455883  37464.27530214  37151.55552836  36386.11771637
   24321.83058496  18565.58530222  14270.95176138  11391.69096137
    9559.64285721   8376.62273254]
 [214186.76869107  37058.06516598  38657.54371647  37655.20429343
   27219.57131582  19930.32921293  15054.43228419  12692.33493129
   10177.40398989   8801.26337848]
 [137071.04629741  36949.28026691  36994.18087808  37824.39511005
   27621.29611119  21533.67366398  16459.49909104  13599.07371842
   11378.90936973   9501.70001101]]