Energy grid for alpha=0.02, gammas=[0.01, 0.5], betas=[0.01, 0.5]
, n=25
, resolution=10
[[ 47776.44890869  91985.05725915  73538.32539691  57110.4193718
   40492.48172853  36611.76668673  37369.30692946  39378.19017439
   39727.68524392  40620.91553972]
 [ 73655.24903563  86861.35493251  65393.59070602  37888.66165776
   41361.4862595   38687.63598238  38373.62736615  39978.28375849
   40642.85422184  40425.90472446]
 [ 93041.08896685  86723.7098675   51446.25750248  42826.1524166
   44003.20772972  41111.2256233   41293.60386831  40943.25071103
   41280.96250741  39663.29085929]
 [116118.3151328   70677.69508929  58678.49292434  43139.5243372
   43180.27414644  42997.48610976  42678.47918637  41783.28554297
   41606.08082317  40880.23559136]
 [147718.37813377  66856.89237613  55953.95194901  42299.73954066
   41993.04370504  43312.06309842  43423.2673959   43286.79654477
   42079.91667137  42385.88226894]
 [172311.55235391  69220.03037103  54321.52530843  45726.44902884
   42247.12233712  43008.80578535  42888.18722476  44692.27530246
   42837.01506401  42956.76469694]
 [204597.41921454  62827.48651851  50842.44563837  44555.33165114
   41874.32751814  43044.10123775  43131.634988    43650.4689938
   44653.76161512  44243.9735447 ]
 [228813.74440862  58248.12399724  47621.7577568   45361.05753047
   42124.59387106  42360.13512098  43520.70813776  44760.71822668
   46257.39617124  45083.03300712]
 [161159.84639505  53719.81655929  46015.43139373  44372.44278325
   42573.26776399  43255.14616654  43089.8648039   44920.78949396
   45566.86285188  45885.29202103]
 [125465.28594584  50229.03360345  45056.0172416   44372.48906615
   42999.49249061  42672.26701152  44157.24705467  45088.23291078
   46477.12159159  46317.15640588]]